39 8 4 201 0 5 : 2
16 1 0 : 2
0 2 6 : 3
2 0 32 201 : 2
4 50 0 : 2
4 0 12 1 : 2
1 0 40 1 : 2
3 9 0 : 2
0 5 34 : 2
13 0 1 : 2
16 0 37 1 : 2
26 9 0 : 3
237 1 0 : 2
0 60 4 : 2
0 21 4 : 3
16 64 63 0 : 2
28 1 0 : 6
0 40 1 : 6
0 11 8 1 : 2
12 4 0 : 12
2 0 37 : 2
1 0 160 : 2
3 31 0 : 2
0 30 103 : 2
71 4 0 : 3
5 0 12 : 2
0 10 103 : 2
0 1 271 : 2
1 0 5 : 12
37 0 3 : 2
2 0 16 : 2
0 2 4 : 6
186 1 0 2 : 2
0 77 68 13 : 3
0 37 9 : 2
0 1 277 5 1 : 2
5 59 0 : 2
26 1 0 : 3
22 0 2 : 3
0 10 6 : 2
19 0 1 : 2
13 0 13 : 2
12 0 2 : 3
0 58 118 31 : 2
25 7 0 1 : 2
437 5 0 : 3
1 0 4 : 3
5 0 18 1 : 2
0 10 30 : 2
62 1 0 : 3
6 0 210 1 : 2
0 30 224 : 3
5 85 0 : 2
186 1 189 0 : 3
0 10 36 : 2
27 5 4 0 : 2
22 1 0 : 3
0 29 56 : 2
7 10 0 : 2
63 4 0 : 4
0 380 5 : 2
22 0 5 : 3
0 27 5 1 : 3
1 0 60 : 2
12 9 0 : 4
21 24 0 : 2
2 7 0 1 : 2
1 0 16 : 2
5 0 1 : 4
0 223 1 : 4
39 8 4 0 : 3
5 9 0 : 3
3 4 0 : 3
0 186 1 : 5
5 1 0 1 : 2
0 5 4 : 4
80 1 0 : 3
0 12 4 : 4
0 10 20 : 2
213 29 0 : 3
0 16 1 : 2
37 1 0 : 6
18 1 0 1 : 2
0 2 14 : 2
1 0 18 1 : 2
11 0 1 : 2
124 1 0 : 3
28 9 0 : 2
2 4 0 5 : 2
26 4 0 5 : 2
12 4 0 5 : 4
22 4 0 5 : 2
0 7 10 : 4
80 4 0 : 4
54 0 7 8 : 2
50 0 12 1 : 2
0 20 454 : 2
0 7 15 : 3
21 4 0 : 4
0 18 1 : 10
125 1 0 : 3
186 1 0 : 4
1 0 15 : 5
2 0 4 : 4
0 8 1 : 2
1 0 229 196 147 12 2 58 128 235 11 68 321 : 2
0 193 2 : 2
0 265 1 : 3
0 80 1 : 2
3 0 9 : 4
18 1 0 : 9
0 10 72 : 2
0 11 8 : 3
12 1 0 2 : 2
2 4 0 : 5
0 62 1 : 3
7 8 0 : 4
51 0 2 : 2
0 40 9 : 2
2 0 1 : 11
0 12 9 : 4
3 0 1 : 10
40 4 0 : 5
3 0 4 179 : 2
12 1 0 : 10
0 415 136 : 2
0 3 1 : 7
2 9 0 : 3
3 1 0 : 8
0 2 24 29 : 2
49 1 0 : 2
57 4 0 : 2
5 1 0 : 17
15 4 0 : 3
27 5 1 0 : 3
380 5 0 : 3
260 1 0 : 2
29 0 12 : 2
9 0 8 : 2
17 1 0 : 7
0 37 170 263 : 2
217 4 0 : 2
0 3 9 : 3
7 0 11 : 2
1 0 3 1 : 2
61 9 0 : 2
5 9 0 163 : 2
8 0 2 : 5
0 49 1 : 3
0 125 1 : 6
10 73 0 : 2
0 27 5 59 : 2
0 81 24 : 2
4 0 5 : 14
22 53 0 : 2
2 1 0 5 : 2
1 0 29 : 2
11 8 0 : 2
25 4 0 : 2
28 2 49 1 0 : 2
0 3 4 : 4
0 69 1 : 5
32 0 2 : 4
0 17 1 : 7
0 21 7 : 3
1 0 5 4 : 3
1 0 2 : 5
2 0 5 : 5
1 154 0 2 : 2
26 1 0 3 : 2
18 1 0 5 : 2
0 5 1 : 7
1 0 5 1 : 7
0 7 8 : 4
21 0 21 : 2
36 0 1 : 3
25 7 76 0 3 : 2
0 55 8 : 2
6 0 1 : 2
5 473 0 : 2
29 0 22 : 2
0 37 4 : 2
39 8 4 179 0 : 2
184 1 0 : 3
0 266 293 : 2
223 1 0 : 2
440 0 440 : 2
22 4 0 : 8
265 1 0 : 3
12 0 1 : 2
0 14 8 : 2
8 0 12 9 : 2
5 0 8 : 2
60 4 0 : 2
0 6 15 1 : 2
0 2 11 8 : 2
0 12 1 : 14
0 21 1 : 2
0 182 239 : 2
39 8 4 0 5 : 2
5 1 0 12 1 : 3
21 94 0 15 : 2
17 165 26 1 0 2 : 2
9 132 0 : 2
2 0 9 : 2
2 0 3 : 3
40 1 0 : 9
0 18 9 : 2
0 17 19 : 2
18 9 0 : 3
0 37 1 : 3
3 0 2 : 2
0 90 7 : 2
269 3 0 4 : 2
0 7 328 : 2
2 0 49 : 2
5 0 2 : 12
1 0 210 2 : 2
1 0 8 : 5
0 166 279 : 3
5 4 0 : 6
0 2 1 : 8
0 63 4 : 2
2 1 0 : 9
2 0 29 : 2
39 8 219 0 5 : 2
2 4 50 0 : 2
21 1 0 : 5
21 7 0 : 2
5 0 85 : 2
0 6 6 : 2
0 15 48 : 2
2 0 2 : 2
5 0 43 : 2
184 9 0 : 2
5 0 14 : 2
69 1 0 : 4
2 0 28 9 : 2
0 22 4 : 7
68 1 0 : 2
