0 26 1 : 161
12 9 0 : 129
10 6 0 : 135
28 1 0 : 128
7 8 0 : 127
40 1 0 : 122
26 1 0 : 149
2 1 0 : 121
22 4 0 : 119
0 17 1 : 110
17 1 0 : 116
0 12 1 : 105
5 9 0 : 131
0 3 1 : 118
1 0 1 : 138
1 0 2 : 117
0 40 1 : 115
0 37 1 : 124
3 1 0 : 106
0 2 4 : 137
2 0 1 : 114
12 1 0 : 102
1 0 7 : 158
7 15 0 : 143
1 0 8 : 126
6 0 1 : 120
4 0 5 : 103
18 1 0 : 104
0 18 1 : 109
37 1 0 : 125
0 5 1 : 107
7 0 1 : 160
1 0 5 : 112
0 15 48 : 159
12 4 0 : 113
0 27 5 1 : 130
5 1 0 : 101
0 10 6 : 145
0 12 9 : 133
0 7 8 : 136
3 0 4 : 139
26 4 0 : 134
0 22 4 : 142
3 0 9 : 140
1 0 5 1 : 111
22 1 0 : 154
10 20 0 : 141
3 0 1 : 108
0 5 9 : 144
2 0 3 : 123
9 0 2 : 146
39 8 4 0 : 132
0 2 1 : 147
0 22 1 : 148
5 0 2 : 150
3 9 0 : 157
27 5 1 0 : 151
3 31 0 : 152
0 3 31 : 153
2 0 4 : 155
2 0 9 : 156
